<!DOCTYPE html>
<html>
<head>
<meta charset="UTF-8">
<title>Curves</title>
<script src="https://cdn.plot.ly/plotly-1.52.2.min.js"></script>
</head>
<body>
<div id="chart"></div>
<script>
(function () {
  var data0 = {"x":[0.0,0.1,0.2,0.30000000000000004,0.4,0.5,0.6000000000000001,0.7000000000000001,0.8,0.9,1.0,1.1,1.2000000000000002,1.3,1.4000000000000001,1.5,1.6,1.7000000000000002,1.8,1.9000000000000001,2.0,2.1,2.2,2.3000000000000003,2.4000000000000004,2.5,2.6,2.7,2.8000000000000003,2.9000000000000004,3.0,3.1,3.2,3.3000000000000003,3.4000000000000004,3.5,3.6,3.7,3.8000000000000003,3.9000000000000004,4.0,4.1000000000000005,4.2,4.3,4.4,4.5,4.6000000000000005,4.7,4.800000000000001,4.9,5.0,5.1000000000000005,5.2,5.300000000000001,5.4,5.5,5.6000000000000005,5.7,5.800000000000001,5.9,6.0,6.1000000000000005,6.2,6.300000000000001,6.4,6.5,6.6000000000000005,6.7,6.800000000000001,6.9,7.0,7.1000000000000005,7.2,7.300000000000001,7.4,7.5,7.6000000000000005,7.7,7.800000000000001,7.9,8.0,8.1,8.200000000000001,8.3,8.4,8.5,8.6,8.700000000000001,8.8,8.9,9.0,9.1,9.200000000000001,9.3,9.4,9.5,9.600000000000001,9.700000000000001,9.8,9.9,10.0],"name":"Approx twice","y":[-0.4974410795769361,0.7335556715602307,-2.0059918839987683,-0.5279882228422748,1.9768001441252303,-0.14692373379099322,1.0994475780936874,1.9388160919066006,2.376241802236664,0.9523638262617122,2.465312880448739,3.323476329152415,1.247740995581339,4.321444274193977,2.5642277445484725,3.0598359739902343,3.3984366675502344,2.803481192070842,4.178278567100545,4.7656824506169455,4.479923276283875,5.109937205285529,4.872881100876944,4.939709821782668,4.053882974404578,4.294465601104232,5.751967398462224,6.3030339216596225,4.931699307358446,6.52927673519811,4.462074224572454,8.330411289944884,6.416356138048003,8.210217105543466,7.435731819515365,6.224700008438718,7.648884546810897,7.302062080946489,7.488049461824077,7.876828325235765,9.181028674426026,8.019956870225421,7.0238118748835205,8.214435324535334,9.740571191527705,9.095084920582263,9.465825056320554,9.145033436743399,11.028258311105123,10.760178246921123,8.946619410079368,10.603532258390423,10.762476703649115,12.815648207517299,9.859699087053304,9.71513501300474,13.244529215675346,12.784063936156283,9.735930562308232,10.68303684531987,12.603633589458632,12.836432212110564,10.281096713440169,12.76184801240269,14.010675418767587,13.144272817777722,12.628366226716107,12.677657044682608,12.846156063742967,12.740770535939902,14.808197014070563,15.801493801434876,13.796426237638446,15.949701623103422,15.481899548903709,15.091617553063633,15.301039975855662,15.546667981071376,14.680008719901465,16.86640434395555,16.005652558366602,15.402903294119655,18.02832349333415,15.613398949351895,16.633581524012833,18.07971679077718,17.670594331390813,16.764027524826577,19.327058127170556,16.80034605855984,16.45033671344383,18.524954520621737,19.110881096688665,19.65498809922357,18.795612981042627,20.47388949119326,19.416640261560897,19.07693527760235,19.304047022677562,19.72819548296368,19.807115176387526],"type":"scatter"};
  var data1 = {"x":[0.0,0.1,0.2,0.30000000000000004,0.4,0.5,0.6000000000000001,0.7000000000000001,0.8,0.9,1.0,1.1,1.2000000000000002,1.3,1.4000000000000001,1.5,1.6,1.7000000000000002,1.8,1.9000000000000001,2.0,2.1,2.2,2.3000000000000003,2.4000000000000004,2.5,2.6,2.7,2.8000000000000003,2.9000000000000004,3.0,3.1,3.2,3.3000000000000003,3.4000000000000004,3.5,3.6,3.7,3.8000000000000003,3.9000000000000004,4.0,4.1000000000000005,4.2,4.3,4.4,4.5,4.6000000000000005,4.7,4.800000000000001,4.9,5.0,5.1000000000000005,5.2,5.300000000000001,5.4,5.5,5.6000000000000005,5.7,5.800000000000001,5.9,6.0,6.1000000000000005,6.2,6.300000000000001,6.4,6.5,6.6000000000000005,6.7,6.800000000000001,6.9,7.0,7.1000000000000005,7.2,7.300000000000001,7.4,7.5,7.6000000000000005,7.7,7.800000000000001,7.9,8.0,8.1,8.200000000000001,8.3,8.4,8.5,8.6,8.700000000000001,8.8,8.9,9.0,9.1,9.200000000000001,9.3,9.4,9.5,9.600000000000001,9.700000000000001,9.8,9.9,10.0],"name":"Exp","y":[1.0,1.1051709180756477,1.2214027581601699,1.3498588075760032,1.4918246976412703,1.6487212707001282,1.822118800390509,2.0137527074704766,2.225540928492468,2.45960311115695,2.718281828459045,3.0041660239464334,3.320116922736548,3.6692966676192444,4.055199966844675,4.4816890703380645,4.953032424395115,5.473947391727201,6.0496474644129465,6.68589444227927,7.38905609893065,8.166169912567652,9.025013499434122,9.974182454814724,11.023176380641605,12.182493960703473,13.463738035001692,14.879731724872837,16.444646771097055,18.174145369443067,20.085536923187668,22.197951281441636,24.532530197109352,27.112638920657893,29.964100047397025,33.11545195869231,36.59823444367799,40.4473043600674,44.701184493300836,49.40244910553019,54.598150033144236,60.340287597362,66.68633104092515,73.69979369959579,81.45086866496814,90.01713130052181,99.48431564193386,109.94717245212352,121.51041751873497,134.28977968493552,148.4131591025766,164.02190729990184,181.27224187515122,200.33680997479183,221.40641620418717,244.69193226422038,270.42640742615276,298.8674009670603,330.2995599096489,365.0374678653289,403.4287934927351,445.85777008251716,492.7490410932563,544.5719101259294,601.8450378720822,665.1416330443618,735.0951892419732,812.4058251675433,897.8472916504184,992.2747156050262,1096.6331584284585,1211.9670744925775,1339.430764394418,1480.2999275845464,1635.984429995927,1808.0424144560632,1998.195895104119,2208.347991887209,2440.6019776245007,2697.28232826851,2980.9579870417283,3294.4680752838403,3640.9503073323585,4023.872393822313,4447.066747699858,4914.768840299134,5431.659591362978,6002.912217261029,6634.24400627789,7331.973539155995,8103.083927575384,8955.292703482508,9897.129058743927,10938.019208165191,12088.380730216988,13359.726829661873,14764.781565577294,16317.60719801545,18033.744927828524,19930.370438230297,22026.465794806718],"type":"scatter"};

  var data = [data0, data1];
  var layout = {"title":"Curves"};
 var config = {};

  Plotly.plot('chart', data, layout, config);
})();
</script>
</body>
</html>
       